! TITLE: Yobs                                                                                                                                                                                                                                                            
! Yobs - Ycalc 
      31.27991    -151.79543
      31.31333    -154.45990
      31.34675    -161.83778
      31.38017    -158.19868
      31.41360    -147.97784
      31.44702    -147.01437
      31.48044    -139.30289
      31.51386    -153.94290
      31.54729    -160.57361
      31.58071    -172.79449
      31.61413    -202.60521
      31.64755     -98.80199
      31.68098     -68.81524
      31.71440    -186.34343
      31.74782    -184.56627
      31.78124    -190.33708
      31.81467    -127.95162
      31.84809    -151.06523
      31.88151    -135.07797
      31.91494    -143.13220
      31.94836    -158.13045
      31.98178    -168.20370
      32.01520    -147.91890
      32.04863    -154.81998
      32.08205    -143.54854
      32.11547    -156.48315
      32.14889    -153.27426
      32.18232    -157.69391
