! TITLE: Yobs                                                                                                                                                                                                                                                            
! Yobs - Ycalc 
      33.25203    -228.15764
      33.28546    -225.98370
      33.31888    -220.31848
      33.35231    -219.84290
      33.38573    -212.66687
      33.41915    -223.71393
      33.45257    -233.82298
      33.48600    -227.62808
      33.51942    -199.63028
      33.55284    -227.74165
      33.58626    -248.70891
      33.61969    -199.89977
      33.65311    -249.84349
      33.68653    -189.54405
      33.71995    -240.39793
      33.75338    -235.12889
      33.78679    -206.98811
      33.82022    -217.72232
      33.85364    -227.63153
      33.88707    -237.80324
      33.92049    -231.49704
      33.95391    -232.16034
      33.98733    -234.38786
      34.02075    -233.50705
      34.05418    -212.55777
      34.08760    -220.94885
      34.12102    -220.30070
      34.15444    -211.35664
      34.18787    -207.94151
